1 255
1 256
1 257
1 258
1 259
2 255
2 256
2 257
2 258
2 259
3 255
3 256
3 257
3 258
3 259
4 255
4 256
4 257
4 258
4 259
5 255
5 256
5 257
5 258
5 259
6 255
6 256
6 257
6 258
6 259
7 255
7 256
7 257
7 258
7 259
8 255
8 256
8 257
8 258
8 259
9 255
9 256
9 257
9 258
9 259
10 255
10 256
10 257
10 258
10 259
11 255
11 256
11 257
11 258
11 259
12 255
12 256
12 257
12 258
12 259
13 255
13 256
13 257
13 258
13 259
14 255
14 256
14 257
14 258
14 259
15 255
15 256
15 257
15 258
15 259
16 255
16 256
16 257
16 258
16 259
17 255
17 256
17 257
17 258
17 259
18 255
18 256
18 257
18 258
18 259
19 255
19 256
19 257
19 258
19 259
20 255
20 256
20 257
20 258
20 259
21 255
21 256
21 257
21 258
21 259
22 255
22 256
22 257
22 258
22 259
23 255
23 256
23 257
23 258
23 259
24 255
24 256
24 257
24 258
24 259
25 255
25 256
25 257
25 258
25 259
26 255
26 256
26 257
26 258
26 259
27 255
27 256
27 257
27 258
27 259
28 255
28 256
28 257
28 258
28 259
29 255
29 256
29 257
29 258
29 259
30 255
30 256
30 257
30 258
30 259
31 255
31 256
31 257
31 258
31 259
32 255
32 256
32 257
32 258
32 259
33 255
33 256
33 257
33 258
33 259
34 255
34 256
34 257
34 258
34 259
35 255
35 256
35 257
35 258
35 259
36 255
36 256
36 257
36 258
36 259
37 255
37 256
37 257
37 258
37 259
38 255
38 256
38 257
38 258
38 259
39 255
39 256
39 257
39 258
39 259
40 255
40 256
40 257
40 258
40 259
41 255
41 256
41 257
41 258
41 259
42 255
42 256
42 257
42 258
42 259
43 255
43 256
43 257
43 258
43 259
44 255
44 256
44 257
44 258
44 259
45 255
45 256
45 257
45 258
45 259
46 255
46 256
46 257
46 258
46 259
47 255
47 256
47 257
47 258
47 259
48 255
48 256
48 257
48 258
48 259
49 255
49 256
49 257
49 258
49 259
50 255
50 256
50 257
50 258
50 259
51 255
51 256
51 257
51 258
51 259
52 255
52 256
52 257
52 258
52 259
53 255
53 256
53 257
53 258
53 259
54 255
54 256
54 257
54 258
54 259
55 255
55 256
55 257
55 258
55 259
56 255
56 256
56 257
56 258
56 259
57 255
57 256
57 257
57 258
57 259
58 255
58 256
58 257
58 258
58 259
59 255
59 256
59 257
59 258
59 259
60 255
60 256
60 257
60 258
60 259
61 255
61 256
61 257
61 258
61 259
62 255
62 256
62 257
62 258
62 259
63 255
63 256
63 257
63 258
63 259
64 255
64 256
64 257
64 258
64 259
65 255
65 256
65 257
65 258
65 259
66 255
66 256
66 257
66 258
66 259
67 255
67 256
67 257
67 258
67 259
68 255
68 256
68 257
68 258
68 259
69 255
69 256
69 257
69 258
69 259
70 255
70 256
70 257
70 258
70 259
71 255
71 256
71 257
71 258
71 259
72 255
72 256
72 257
72 258
72 259
73 255
73 256
73 257
73 258
73 259
74 255
74 256
74 257
74 258
74 259
75 255
75 256
75 257
75 258
75 259
76 255
76 256
76 257
76 258
76 259
77 255
77 256
77 257
77 258
77 259
78 255
78 256
78 257
78 258
78 259
79 255
79 256
79 257
79 258
79 259
80 255
80 256
80 257
80 258
80 259
81 255
81 256
81 257
81 258
81 259
82 255
82 256
82 257
82 258
82 259
83 255
83 256
83 257
83 258
83 259
84 255
84 256
84 257
84 258
84 259
85 255
85 256
85 257
85 258
85 259
86 255
86 256
86 257
86 258
86 259
87 255
87 256
87 257
87 258
87 259
88 255
88 256
88 257
88 258
88 259
89 255
89 256
89 257
89 258
89 259
90 255
90 256
90 257
90 258
90 259
91 255
91 256
91 257
91 258
91 259
92 255
92 256
92 257
92 258
92 259
93 255
93 256
93 257
93 258
93 259
94 255
94 256
94 257
94 258
94 259
95 255
95 256
95 257
95 258
95 259
96 255
96 256
96 257
96 258
96 259
97 255
97 256
97 257
97 258
97 259
98 255
98 256
98 257
98 258
98 259
99 255
99 256
99 257
99 258
99 259
100 255
100 256
100 257
100 258
100 259
101 255
101 256
101 257
101 258
101 259
102 255
102 256
102 257
102 258
102 259
103 255
103 256
103 257
103 258
103 259
104 255
104 256
104 257
104 258
104 259
105 255
105 256
105 257
105 258
105 259
106 255
106 256
106 257
106 258
106 259
107 255
107 256
107 257
107 258
107 259
108 255
108 256
108 257
108 258
108 259
109 255
109 256
109 257
109 258
109 259
110 255
110 256
110 257
110 258
110 259
111 255
111 256
111 257
111 258
111 259
112 255
112 256
112 257
112 258
112 259
113 255
113 256
113 257
113 258
113 259
114 255
114 256
114 257
114 258
114 259
115 255
115 256
115 257
115 258
115 259
116 255
116 256
116 257
116 258
116 259
117 255
117 256
117 257
117 258
117 259
118 255
118 256
118 257
118 258
118 259
119 255
119 256
119 257
119 258
119 259
120 255
120 256
120 257
120 258
120 259
121 255
121 256
121 257
121 258
121 259
122 255
122 256
122 257
122 258
122 259
123 255
123 256
123 257
123 258
123 259
124 255
124 256
124 257
124 258
124 259
125 255
125 256
125 257
125 258
125 259
126 255
126 256
126 257
126 258
126 259
127 255
127 256
127 257
127 258
127 259
128 255
128 256
128 257
128 258
128 259
129 255
129 256
129 257
129 258
129 259
130 255
130 256
130 257
130 258
130 259
131 255
131 256
131 257
131 258
131 259
132 255
132 256
132 257
132 258
132 259
133 255
133 256
133 257
133 258
133 259
134 255
134 256
134 257
134 258
134 259
135 255
135 256
135 257
135 258
135 259
136 255
136 256
136 257
136 258
136 259
137 255
137 256
137 257
137 258
137 259
138 255
138 256
138 257
138 258
138 259
139 255
139 256
139 257
139 258
139 259
140 255
140 256
140 257
140 258
140 259
141 255
141 256
141 257
141 258
141 259
142 255
142 256
142 257
142 258
142 259
143 255
143 256
143 257
143 258
143 259
144 255
144 256
144 257
144 258
144 259
145 255
145 256
145 257
145 258
145 259
146 255
146 256
146 257
146 258
146 259
147 255
147 256
147 257
147 258
147 259
148 255
148 256
148 257
148 258
148 259
149 255
149 256
149 257
149 258
149 259
150 255
150 256
150 257
150 258
150 259
151 255
151 256
151 257
151 258
151 259
152 255
152 256
152 257
152 258
152 259
153 255
153 256
153 257
153 258
153 259
154 255
154 256
154 257
154 258
154 259
155 255
155 256
155 257
155 258
155 259
156 255
156 256
156 257
156 258
156 259
157 255
157 256
157 257
157 258
157 259
158 255
158 256
158 257
158 258
158 259
159 255
159 256
159 257
159 258
159 259
160 255
160 256
160 257
160 258
160 259
161 255
161 256
161 257
161 258
161 259
162 255
162 256
162 257
162 258
162 259
163 255
163 256
163 257
163 258
163 259
164 255
164 256
164 257
164 258
164 259
165 255
165 256
165 257
165 258
165 259
166 255
166 256
166 257
166 258
166 259
167 255
167 256
167 257
167 258
167 259
168 255
168 256
168 257
168 258
168 259
169 255
169 256
169 257
169 258
169 259
170 255
170 256
170 257
170 258
170 259
171 255
171 256
171 257
171 258
171 259
172 255
172 256
172 257
172 258
172 259
173 255
173 256
173 257
173 258
173 259
174 255
174 256
174 257
174 258
174 259
175 255
175 256
175 257
175 258
175 259
176 255
176 256
176 257
176 258
176 259
177 255
177 256
177 257
177 258
177 259
178 255
178 256
178 257
178 258
178 259
179 255
179 256
179 257
179 258
179 259
180 255
180 256
180 257
180 258
180 259
181 255
181 256
181 257
181 258
181 259
182 255
182 256
182 257
182 258
182 259
183 255
183 256
183 257
183 258
183 259
184 255
184 256
184 257
184 258
184 259
185 255
185 256
185 257
185 258
185 259
186 255
186 256
186 257
186 258
186 259
187 255
187 256
187 257
187 258
187 259
188 255
188 256
188 257
188 258
188 259
189 255
189 256
189 257
189 258
189 259
190 255
190 256
190 257
190 258
190 259
191 255
191 256
191 257
191 258
191 259
192 255
192 256
192 257
192 258
192 259
193 255
193 256
193 257
193 258
193 259
194 255
194 256
194 257
194 258
194 259
195 255
195 256
195 257
195 258
195 259
196 255
196 256
196 257
196 258
196 259
197 255
197 256
197 257
197 258
197 259
198 255
198 256
198 257
198 258
198 259
199 255
199 256
199 257
199 258
199 259
200 255
200 256
200 257
200 258
200 259
201 255
201 256
201 257
201 258
201 259
202 255
202 256
202 257
202 258
202 259
203 255
203 256
203 257
203 258
203 259
204 255
204 256
204 257
204 258
204 259
205 255
205 256
205 257
205 258
205 259
206 255
206 256
206 257
206 258
206 259
207 255
207 256
207 257
207 258
207 259
208 255
208 256
208 257
208 258
208 259
209 255
209 256
209 257
209 258
209 259
210 255
210 256
210 257
210 258
210 259
211 255
211 256
211 257
211 258
211 259
212 255
212 256
212 257
212 258
212 259
213 255
213 256
213 257
213 258
213 259
214 255
214 256
214 257
214 258
214 259
215 255
215 256
215 257
215 258
215 259
216 255
216 256
216 257
216 258
216 259
217 255
217 256
217 257
217 258
217 259
218 255
218 256
218 257
218 258
218 259
219 255
219 256
219 257
219 258
219 259
220 255
220 256
220 257
220 258
220 259
221 255
221 256
221 257
221 258
221 259
222 255
222 256
222 257
222 258
222 259
223 255
223 256
223 257
223 258
223 259
224 255
224 256
224 257
224 258
224 259
225 255
225 256
225 257
225 258
225 259
226 255
226 256
226 257
226 258
226 259
227 255
227 256
227 257
227 258
227 259
228 255
228 256
228 257
228 258
228 259
229 255
229 256
229 257
229 258
229 259
230 255
230 256
230 257
230 258
230 259
231 255
231 256
231 257
231 258
231 259
232 255
232 256
232 257
232 258
232 259
233 255
233 256
233 257
233 258
233 259
234 255
234 256
234 257
234 258
234 259
235 255
235 256
235 257
235 258
235 259
236 255
236 256
236 257
236 258
236 259
237 255
237 256
237 257
237 258
237 259
238 255
238 256
238 257
238 258
238 259
239 255
239 256
239 257
239 258
239 259
240 255
240 256
240 257
240 258
240 259
241 255
241 256
241 257
241 258
241 259
242 255
242 256
242 257
242 258
242 259
243 255
243 256
243 257
243 258
243 259
244 255
244 256
244 257
244 258
244 259
245 255
245 256
245 257
245 258
245 259
246 255
246 256
246 257
246 258
246 259
247 255
247 256
247 257
247 258
247 259
248 255
248 256
248 257
248 258
248 259
249 255
249 256
249 257
249 258
249 259
250 255
250 256
250 257
250 258
250 259
251 255
251 256
251 257
251 258
251 259
252 255
252 256
252 257
252 258
252 259
253 255
253 256
253 257
253 258
253 259
254 255
254 256
254 257
254 258
254 259
255 255
255 256
255 257
255 258
255 259
256 255
256 256
256 257
256 258
256 259
257 255
257 256
257 257
257 258
257 259
258 255
258 256
258 257
258 258
258 259
259 255
259 256
259 257
259 258
259 259
260 255
260 256
260 257
260 258
260 259
261 255
261 256
261 257
261 258
261 259
262 255
262 256
262 257
262 258
262 259
263 255
263 256
263 257
263 258
263 259
264 255
264 256
264 257
264 258
264 259
265 255
265 256
265 257
265 258
265 259
266 255
266 256
266 257
266 258
266 259
267 255
267 256
267 257
267 258
267 259
268 255
268 256
268 257
268 258
268 259
269 255
269 256
269 257
269 258
269 259
270 255
270 256
270 257
270 258
270 259
271 255
271 256
271 257
271 258
271 259
272 255
272 256
272 257
272 258
272 259
273 255
273 256
273 257
273 258
273 259
274 255
274 256
274 257
274 258
274 259
275 255
275 256
275 257
275 258
275 259
276 255
276 256
276 257
276 258
276 259
277 255
277 256
277 257
277 258
277 259
278 255
278 256
278 257
278 258
278 259
279 255
279 256
279 257
279 258
279 259
280 255
280 256
280 257
280 258
280 259
281 255
281 256
281 257
281 258
281 259
282 255
282 256
282 257
282 258
282 259
283 255
283 256
283 257
283 258
283 259
284 255
284 256
284 257
284 258
284 259
285 255
285 256
285 257
285 258
285 259
286 255
286 256
286 257
286 258
286 259
287 255
287 256
287 257
287 258
287 259
288 255
288 256
288 257
288 258
288 259
289 255
289 256
289 257
289 258
289 259
290 255
290 256
290 257
290 258
290 259
291 255
291 256
291 257
291 258
291 259
292 255
292 256
292 257
292 258
292 259
293 255
293 256
293 257
293 258
293 259
294 255
294 256
294 257
294 258
294 259
295 255
295 256
295 257
295 258
295 259
296 255
296 256
296 257
296 258
296 259
297 255
297 256
297 257
297 258
297 259
298 255
298 256
298 257
298 258
298 259
299 255
299 256
299 257
299 258
299 259
300 255
300 256
300 257
300 258
300 259
301 255
301 256
301 257
301 258
301 259
302 255
302 256
302 257
302 258
302 259
303 255
303 256
303 257
303 258
303 259
304 255
304 256
304 257
304 258
304 259
305 255
305 256
305 257
305 258
305 259
306 255
306 256
306 257
306 258
306 259
307 255
307 256
307 257
307 258
307 259
308 255
308 256
308 257
308 258
308 259
309 255
309 256
309 257
309 258
309 259
310 255
310 256
310 257
310 258
310 259
311 255
311 256
311 257
311 258
311 259
312 255
312 256
312 257
312 258
312 259
313 255
313 256
313 257
313 258
313 259
314 255
314 256
314 257
314 258
314 259
315 255
315 256
315 257
315 258
315 259
316 255
316 256
316 257
316 258
316 259
317 255
317 256
317 257
317 258
317 259
318 255
318 256
318 257
318 258
318 259
319 255
319 256
319 257
319 258
319 259
320 255
320 256
320 257
320 258
320 259
321 255
321 256
321 257
321 258
321 259
322 255
322 256
322 257
322 258
322 259
323 255
323 256
323 257
323 258
323 259
324 255
324 256
324 257
324 258
324 259
325 255
325 256
325 257
325 258
325 259
326 255
326 256
326 257
326 258
326 259
327 255
327 256
327 257
327 258
327 259
328 255
328 256
328 257
328 258
328 259
329 255
329 256
329 257
329 258
329 259
330 255
330 256
330 257
330 258
330 259
331 255
331 256
331 257
331 258
331 259
332 255
332 256
332 257
332 258
332 259
333 255
333 256
333 257
333 258
333 259
334 255
334 256
334 257
334 258
334 259
335 255
335 256
335 257
335 258
335 259
336 255
336 256
336 257
336 258
336 259
337 255
337 256
337 257
337 258
337 259
338 255
338 256
338 257
338 258
338 259
339 255
339 256
339 257
339 258
339 259
340 255
340 256
340 257
340 258
340 259
341 255
341 256
341 257
341 258
341 259
342 255
342 256
342 257
342 258
342 259
343 255
343 256
343 257
343 258
343 259
344 255
344 256
344 257
344 258
344 259
345 255
345 256
345 257
345 258
345 259
346 255
346 256
346 257
346 258
346 259
347 255
347 256
347 257
347 258
347 259
348 255
348 256
348 257
348 258
348 259
349 255
349 256
349 257
349 258
349 259
350 255
350 256
350 257
350 258
350 259
351 255
351 256
351 257
351 258
351 259
352 255
352 256
352 257
352 258
352 259
353 255
353 256
353 257
353 258
353 259
354 255
354 256
354 257
354 258
354 259
355 255
355 256
355 257
355 258
355 259
356 255
356 256
356 257
356 258
356 259
357 255
357 256
357 257
357 258
357 259
358 255
358 256
358 257
358 258
358 259
359 255
359 256
359 257
359 258
359 259
360 255
360 256
360 257
360 258
360 259
361 255
361 256
361 257
361 258
361 259
362 255
362 256
362 257
362 258
362 259
363 255
363 256
363 257
363 258
363 259
364 255
364 256
364 257
364 258
364 259
365 255
365 256
365 257
365 258
365 259
366 255
366 256
366 257
366 258
366 259
367 255
367 256
367 257
367 258
367 259
368 255
368 256
368 257
368 258
368 259
369 255
369 256
369 257
369 258
369 259
370 255
370 256
370 257
370 258
370 259
371 255
371 256
371 257
371 258
371 259
372 255
372 256
372 257
372 258
372 259
373 255
373 256
373 257
373 258
373 259
374 255
374 256
374 257
374 258
374 259
375 255
375 256
375 257
375 258
375 259
376 255
376 256
376 257
376 258
376 259
377 255
377 256
377 257
377 258
377 259
378 255
378 256
378 257
378 258
378 259
379 255
379 256
379 257
379 258
379 259
380 255
380 256
380 257
380 258
380 259
381 255
381 256
381 257
381 258
381 259
382 255
382 256
382 257
382 258
382 259
383 255
383 256
383 257
383 258
383 259
384 255
384 256
384 257
384 258
384 259
385 255
385 256
385 257
385 258
385 259
386 255
386 256
386 257
386 258
386 259
387 255
387 256
387 257
387 258
387 259
388 255
388 256
388 257
388 258
388 259
389 255
389 256
389 257
389 258
389 259
390 255
390 256
390 257
390 258
390 259
391 255
391 256
391 257
391 258
391 259
392 255
392 256
392 257
392 258
392 259
393 255
393 256
393 257
393 258
393 259
394 255
394 256
394 257
394 258
394 259
395 255
395 256
395 257
395 258
395 259
396 255
396 256
396 257
396 258
396 259
397 255
397 256
397 257
397 258
397 259
398 255
398 256
398 257
398 258
398 259
399 255
399 256
399 257
399 258
399 259
400 255
400 256
400 257
400 258
400 259
401 255
401 256
401 257
401 258
401 259
402 255
402 256
402 257
402 258
402 259
403 255
403 256
403 257
403 258
403 259
404 255
404 256
404 257
404 258
404 259
405 255
405 256
405 257
405 258
405 259
406 255
406 256
406 257
406 258
406 259
407 255
407 256
407 257
407 258
407 259
408 255
408 256
408 257
408 258
408 259
409 255
409 256
409 257
409 258
409 259
410 255
410 256
410 257
410 258
410 259
411 255
411 256
411 257
411 258
411 259
412 255
412 256
412 257
412 258
412 259
413 255
413 256
413 257
413 258
413 259
414 255
414 256
414 257
414 258
414 259
415 255
415 256
415 257
415 258
415 259
416 255
416 256
416 257
416 258
416 259
417 255
417 256
417 257
417 258
417 259
418 255
418 256
418 257
418 258
418 259
419 255
419 256
419 257
419 258
419 259
420 255
420 256
420 257
420 258
420 259
421 255
421 256
421 257
421 258
421 259
422 255
422 256
422 257
422 258
422 259
423 255
423 256
423 257
423 258
423 259
424 255
424 256
424 257
424 258
424 259
425 255
425 256
425 257
425 258
425 259
426 255
426 256
426 257
426 258
426 259
427 255
427 256
427 257
427 258
427 259
428 255
428 256
428 257
428 258
428 259
429 255
429 256
429 257
429 258
429 259
430 255
430 256
430 257
430 258
430 259
431 255
431 256
431 257
431 258
431 259
432 255
432 256
432 257
432 258
432 259
433 255
433 256
433 257
433 258
433 259
434 255
434 256
434 257
434 258
434 259
435 255
435 256
435 257
435 258
435 259
436 255
436 256
436 257
436 258
436 259
437 255
437 256
437 257
437 258
437 259
438 255
438 256
438 257
438 258
438 259
439 255
439 256
439 257
439 258
439 259
440 255
440 256
440 257
440 258
440 259
441 255
441 256
441 257
441 258
441 259
442 255
442 256
442 257
442 258
442 259
443 255
443 256
443 257
443 258
443 259
444 255
444 256
444 257
444 258
444 259
445 255
445 256
445 257
445 258
445 259
446 255
446 256
446 257
446 258
446 259
447 255
447 256
447 257
447 258
447 259
448 255
448 256
448 257
448 258
448 259
449 255
449 256
449 257
449 258
449 259
450 255
450 256
450 257
450 258
450 259
451 255
451 256
451 257
451 258
451 259
452 255
452 256
452 257
452 258
452 259
453 255
453 256
453 257
453 258
453 259
454 255
454 256
454 257
454 258
454 259
455 255
455 256
455 257
455 258
455 259
456 255
456 256
456 257
456 258
456 259
457 255
457 256
457 257
457 258
457 259
458 255
458 256
458 257
458 258
458 259
459 255
459 256
459 257
459 258
459 259
460 255
460 256
460 257
460 258
460 259
461 255
461 256
461 257
461 258
461 259
462 255
462 256
462 257
462 258
462 259
463 255
463 256
463 257
463 258
463 259
464 255
464 256
464 257
464 258
464 259
465 255
465 256
465 257
465 258
465 259
466 255
466 256
466 257
466 258
466 259
467 255
467 256
467 257
467 258
467 259
468 255
468 256
468 257
468 258
468 259
469 255
469 256
469 257
469 258
469 259
470 255
470 256
470 257
470 258
470 259
471 255
471 256
471 257
471 258
471 259
472 255
472 256
472 257
472 258
472 259
473 255
473 256
473 257
473 258
473 259
474 255
474 256
474 257
474 258
474 259
475 255
475 256
475 257
475 258
475 259
476 255
476 256
476 257
476 258
476 259
477 255
477 256
477 257
477 258
477 259
478 255
478 256
478 257
478 258
478 259
479 255
479 256
479 257
479 258
479 259
480 255
480 256
480 257
480 258
480 259
481 255
481 256
481 257
481 258
481 259
482 255
482 256
482 257
482 258
482 259
483 255
483 256
483 257
483 258
483 259
484 255
484 256
484 257
484 258
484 259
485 255
485 256
485 257
485 258
485 259
486 255
486 256
486 257
486 258
486 259
487 255
487 256
487 257
487 258
487 259
488 255
488 256
488 257
488 258
488 259
489 255
489 256
489 257
489 258
489 259
490 255
490 256
490 257
490 258
490 259
491 255
491 256
491 257
491 258
491 259
492 255
492 256
492 257
492 258
492 259
493 255
493 256
493 257
493 258
493 259
494 255
494 256
494 257
494 258
494 259
495 255
495 256
495 257
495 258
495 259
496 255
496 256
496 257
496 258
496 259
497 255
497 256
497 257
497 258
497 259
498 255
498 256
498 257
498 258
498 259
499 255
499 256
499 257
499 258
499 259
500 255
500 256
500 257
500 258
500 259
501 255
501 256
501 257
501 258
501 259
502 255
502 256
502 257
502 258
502 259
503 255
503 256
503 257
503 258
503 259
504 255
504 256
504 257
504 258
504 259
505 255
505 256
505 257
505 258
505 259
506 255
506 256
506 257
506 258
506 259
507 255
507 256
507 257
507 258
507 259
508 255
508 256
508 257
508 258
508 259
509 255
509 256
509 257
509 258
509 259
510 255
510 256
510 257
510 258
510 259
511 255
511 256
511 257
511 258
511 259
512 255
512 256
512 257
512 258
512 259
255 1
256 1
257 1
258 1
259 1
255 2
256 2
257 2
258 2
259 2
255 3
256 3
257 3
258 3
259 3
255 4
256 4
257 4
258 4
259 4
255 5
256 5
257 5
258 5
259 5
255 6
256 6
257 6
258 6
259 6
255 7
256 7
257 7
258 7
259 7
255 8
256 8
257 8
258 8
259 8
255 9
256 9
257 9
258 9
259 9
255 10
256 10
257 10
258 10
259 10
255 11
256 11
257 11
258 11
259 11
255 12
256 12
257 12
258 12
259 12
255 13
256 13
257 13
258 13
259 13
255 14
256 14
257 14
258 14
259 14
255 15
256 15
257 15
258 15
259 15
255 16
256 16
257 16
258 16
259 16
255 17
256 17
257 17
258 17
259 17
255 18
256 18
257 18
258 18
259 18
255 19
256 19
257 19
258 19
259 19
255 20
256 20
257 20
258 20
259 20
255 21
256 21
257 21
258 21
259 21
255 22
256 22
257 22
258 22
259 22
255 23
256 23
257 23
258 23
259 23
255 24
256 24
257 24
258 24
259 24
255 25
256 25
257 25
258 25
259 25
255 26
256 26
257 26
258 26
259 26
255 27
256 27
257 27
258 27
259 27
255 28
256 28
257 28
258 28
259 28
255 29
256 29
257 29
258 29
259 29
255 30
256 30
257 30
258 30
259 30
255 31
256 31
257 31
258 31
259 31
255 32
256 32
257 32
258 32
259 32
255 33
256 33
257 33
258 33
259 33
255 34
256 34
257 34
258 34
259 34
255 35
256 35
257 35
258 35
259 35
255 36
256 36
257 36
258 36
259 36
255 37
256 37
257 37
258 37
259 37
255 38
256 38
257 38
258 38
259 38
255 39
256 39
257 39
258 39
259 39
255 40
256 40
257 40
258 40
259 40
255 41
256 41
257 41
258 41
259 41
255 42
256 42
257 42
258 42
259 42
255 43
256 43
257 43
258 43
259 43
255 44
256 44
257 44
258 44
259 44
255 45
256 45
257 45
258 45
259 45
255 46
256 46
257 46
258 46
259 46
255 47
256 47
257 47
258 47
259 47
255 48
256 48
257 48
258 48
259 48
255 49
256 49
257 49
258 49
259 49
255 50
256 50
257 50
258 50
259 50
255 51
256 51
257 51
258 51
259 51
255 52
256 52
257 52
258 52
259 52
255 53
256 53
257 53
258 53
259 53
255 54
256 54
257 54
258 54
259 54
255 55
256 55
257 55
258 55
259 55
255 56
256 56
257 56
258 56
259 56
255 57
256 57
257 57
258 57
259 57
255 58
256 58
257 58
258 58
259 58
255 59
256 59
257 59
258 59
259 59
255 60
256 60
257 60
258 60
259 60
255 61
256 61
257 61
258 61
259 61
255 62
256 62
257 62
258 62
259 62
255 63
256 63
257 63
258 63
259 63
255 64
256 64
257 64
258 64
259 64
255 65
256 65
257 65
258 65
259 65
255 66
256 66
257 66
258 66
259 66
255 67
256 67
257 67
258 67
259 67
255 68
256 68
257 68
258 68
259 68
255 69
256 69
257 69
258 69
259 69
255 70
256 70
257 70
258 70
259 70
255 71
256 71
257 71
258 71
259 71
255 72
256 72
257 72
258 72
259 72
255 73
256 73
257 73
258 73
259 73
255 74
256 74
257 74
258 74
259 74
255 75
256 75
257 75
258 75
259 75
255 76
256 76
257 76
258 76
259 76
255 77
256 77
257 77
258 77
259 77
255 78
256 78
257 78
258 78
259 78
255 79
256 79
257 79
258 79
259 79
255 80
256 80
257 80
258 80
259 80
255 81
256 81
257 81
258 81
259 81
255 82
256 82
257 82
258 82
259 82
255 83
256 83
257 83
258 83
259 83
255 84
256 84
257 84
258 84
259 84
255 85
256 85
257 85
258 85
259 85
255 86
256 86
257 86
258 86
259 86
255 87
256 87
257 87
258 87
259 87
255 88
256 88
257 88
258 88
259 88
255 89
256 89
257 89
258 89
259 89
255 90
256 90
257 90
258 90
259 90
255 91
256 91
257 91
258 91
259 91
255 92
256 92
257 92
258 92
259 92
255 93
256 93
257 93
258 93
259 93
255 94
256 94
257 94
258 94
259 94
255 95
256 95
257 95
258 95
259 95
255 96
256 96
257 96
258 96
259 96
255 97
256 97
257 97
258 97
259 97
255 98
256 98
257 98
258 98
259 98
255 99
256 99
257 99
258 99
259 99
255 100
256 100
257 100
258 100
259 100
255 101
256 101
257 101
258 101
259 101
255 102
256 102
257 102
258 102
259 102
255 103
256 103
257 103
258 103
259 103
255 104
256 104
257 104
258 104
259 104
255 105
256 105
257 105
258 105
259 105
255 106
256 106
257 106
258 106
259 106
255 107
256 107
257 107
258 107
259 107
255 108
256 108
257 108
258 108
259 108
255 109
256 109
257 109
258 109
259 109
255 110
256 110
257 110
258 110
259 110
255 111
256 111
257 111
258 111
259 111
255 112
256 112
257 112
258 112
259 112
255 113
256 113
257 113
258 113
259 113
255 114
256 114
257 114
258 114
259 114
255 115
256 115
257 115
258 115
259 115
255 116
256 116
257 116
258 116
259 116
255 117
256 117
257 117
258 117
259 117
255 118
256 118
257 118
258 118
259 118
255 119
256 119
257 119
258 119
259 119
255 120
256 120
257 120
258 120
259 120
255 121
256 121
257 121
258 121
259 121
255 122
256 122
257 122
258 122
259 122
255 123
256 123
257 123
258 123
259 123
255 124
256 124
257 124
258 124
259 124
255 125
256 125
257 125
258 125
259 125
255 126
256 126
257 126
258 126
259 126
255 127
256 127
257 127
258 127
259 127
255 128
256 128
257 128
258 128
259 128
255 129
256 129
257 129
258 129
259 129
255 130
256 130
257 130
258 130
259 130
255 131
256 131
257 131
258 131
259 131
255 132
256 132
257 132
258 132
259 132
255 133
256 133
257 133
258 133
259 133
255 134
256 134
257 134
258 134
259 134
255 135
256 135
257 135
258 135
259 135
255 136
256 136
257 136
258 136
259 136
255 137
256 137
257 137
258 137
259 137
255 138
256 138
257 138
258 138
259 138
255 139
256 139
257 139
258 139
259 139
255 140
256 140
257 140
258 140
259 140
255 141
256 141
257 141
258 141
259 141
255 142
256 142
257 142
258 142
259 142
255 143
256 143
257 143
258 143
259 143
255 144
256 144
257 144
258 144
259 144
255 145
256 145
257 145
258 145
259 145
255 146
256 146
257 146
258 146
259 146
255 147
256 147
257 147
258 147
259 147
255 148
256 148
257 148
258 148
259 148
255 149
256 149
257 149
258 149
259 149
255 150
256 150
257 150
258 150
259 150
255 151
256 151
257 151
258 151
259 151
255 152
256 152
257 152
258 152
259 152
255 153
256 153
257 153
258 153
259 153
255 154
256 154
257 154
258 154
259 154
255 155
256 155
257 155
258 155
259 155
255 156
256 156
257 156
258 156
259 156
255 157
256 157
257 157
258 157
259 157
255 158
256 158
257 158
258 158
259 158
255 159
256 159
257 159
258 159
259 159
255 160
256 160
257 160
258 160
259 160
255 161
256 161
257 161
258 161
259 161
255 162
256 162
257 162
258 162
259 162
255 163
256 163
257 163
258 163
259 163
255 164
256 164
257 164
258 164
259 164
255 165
256 165
257 165
258 165
259 165
255 166
256 166
257 166
258 166
259 166
255 167
256 167
257 167
258 167
259 167
255 168
256 168
257 168
258 168
259 168
255 169
256 169
257 169
258 169
259 169
255 170
256 170
257 170
258 170
259 170
255 171
256 171
257 171
258 171
259 171
255 172
256 172
257 172
258 172
259 172
255 173
256 173
257 173
258 173
259 173
255 174
256 174
257 174
258 174
259 174
255 175
256 175
257 175
258 175
259 175
255 176
256 176
257 176
258 176
259 176
255 177
256 177
257 177
258 177
259 177
255 178
256 178
257 178
258 178
259 178
255 179
256 179
257 179
258 179
259 179
255 180
256 180
257 180
258 180
259 180
255 181
256 181
257 181
258 181
259 181
255 182
256 182
257 182
258 182
259 182
255 183
256 183
257 183
258 183
259 183
255 184
256 184
257 184
258 184
259 184
255 185
256 185
257 185
258 185
259 185
255 186
256 186
257 186
258 186
259 186
255 187
256 187
257 187
258 187
259 187
255 188
256 188
257 188
258 188
259 188
255 189
256 189
257 189
258 189
259 189
255 190
256 190
257 190
258 190
259 190
255 191
256 191
257 191
258 191
259 191
255 192
256 192
257 192
258 192
259 192
255 193
256 193
257 193
258 193
259 193
255 194
256 194
257 194
258 194
259 194
255 195
256 195
257 195
258 195
259 195
255 196
256 196
257 196
258 196
259 196
255 197
256 197
257 197
258 197
259 197
255 198
256 198
257 198
258 198
259 198
255 199
256 199
257 199
258 199
259 199
255 200
256 200
257 200
258 200
259 200
255 201
256 201
257 201
258 201
259 201
255 202
256 202
257 202
258 202
259 202
255 203
256 203
257 203
258 203
259 203
255 204
256 204
257 204
258 204
259 204
255 205
256 205
257 205
258 205
259 205
255 206
256 206
257 206
258 206
259 206
255 207
256 207
257 207
258 207
259 207
255 208
256 208
257 208
258 208
259 208
255 209
256 209
257 209
258 209
259 209
255 210
256 210
257 210
258 210
259 210
255 211
256 211
257 211
258 211
259 211
255 212
256 212
257 212
258 212
259 212
255 213
256 213
257 213
258 213
259 213
255 214
256 214
257 214
258 214
259 214
255 215
256 215
257 215
258 215
259 215
255 216
256 216
257 216
258 216
259 216
255 217
256 217
257 217
258 217
259 217
255 218
256 218
257 218
258 218
259 218
255 219
256 219
257 219
258 219
259 219
255 220
256 220
257 220
258 220
259 220
255 221
256 221
257 221
258 221
259 221
255 222
256 222
257 222
258 222
259 222
255 223
256 223
257 223
258 223
259 223
255 224
256 224
257 224
258 224
259 224
255 225
256 225
257 225
258 225
259 225
255 226
256 226
257 226
258 226
259 226
255 227
256 227
257 227
258 227
259 227
255 228
256 228
257 228
258 228
259 228
255 229
256 229
257 229
258 229
259 229
255 230
256 230
257 230
258 230
259 230
255 231
256 231
257 231
258 231
259 231
255 232
256 232
257 232
258 232
259 232
255 233
256 233
257 233
258 233
259 233
255 234
256 234
257 234
258 234
259 234
255 235
256 235
257 235
258 235
259 235
255 236
256 236
257 236
258 236
259 236
255 237
256 237
257 237
258 237
259 237
255 238
256 238
257 238
258 238
259 238
255 239
256 239
257 239
258 239
259 239
255 240
256 240
257 240
258 240
259 240
255 241
256 241
257 241
258 241
259 241
255 242
256 242
257 242
258 242
259 242
255 243
256 243
257 243
258 243
259 243
255 244
256 244
257 244
258 244
259 244
255 245
256 245
257 245
258 245
259 245
255 246
256 246
257 246
258 246
259 246
255 247
256 247
257 247
258 247
259 247
255 248
256 248
257 248
258 248
259 248
255 249
256 249
257 249
258 249
259 249
255 250
256 250
257 250
258 250
259 250
255 251
256 251
257 251
258 251
259 251
255 252
256 252
257 252
258 252
259 252
255 253
256 253
257 253
258 253
259 253
255 254
256 254
257 254
258 254
259 254
255 255
256 255
257 255
258 255
259 255
255 256
256 256
257 256
258 256
259 256
255 257
256 257
257 257
258 257
259 257
255 258
256 258
257 258
258 258
259 258
255 259
256 259
257 259
258 259
259 259
255 260
256 260
257 260
258 260
259 260
255 261
256 261
257 261
258 261
259 261
255 262
256 262
257 262
258 262
259 262
255 263
256 263
257 263
258 263
259 263
255 264
256 264
257 264
258 264
259 264
255 265
256 265
257 265
258 265
259 265
255 266
256 266
257 266
258 266
259 266
255 267
256 267
257 267
258 267
259 267
255 268
256 268
257 268
258 268
259 268
255 269
256 269
257 269
258 269
259 269
255 270
256 270
257 270
258 270
259 270
255 271
256 271
257 271
258 271
259 271
255 272
256 272
257 272
258 272
259 272
255 273
256 273
257 273
258 273
259 273
255 274
256 274
257 274
258 274
259 274
255 275
256 275
257 275
258 275
259 275
255 276
256 276
257 276
258 276
259 276
255 277
256 277
257 277
258 277
259 277
255 278
256 278
257 278
258 278
259 278
255 279
256 279
257 279
258 279
259 279
255 280
256 280
257 280
258 280
259 280
255 281
256 281
257 281
258 281
259 281
255 282
256 282
257 282
258 282
259 282
255 283
256 283
257 283
258 283
259 283
255 284
256 284
257 284
258 284
259 284
255 285
256 285
257 285
258 285
259 285
255 286
256 286
257 286
258 286
259 286
255 287
256 287
257 287
258 287
259 287
255 288
256 288
257 288
258 288
259 288
255 289
256 289
257 289
258 289
259 289
255 290
256 290
257 290
258 290
259 290
255 291
256 291
257 291
258 291
259 291
255 292
256 292
257 292
258 292
259 292
255 293
256 293
257 293
258 293
259 293
255 294
256 294
257 294
258 294
259 294
255 295
256 295
257 295
258 295
259 295
255 296
256 296
257 296
258 296
259 296
255 297
256 297
257 297
258 297
259 297
255 298
256 298
257 298
258 298
259 298
255 299
256 299
257 299
258 299
259 299
255 300
256 300
257 300
258 300
259 300
255 301
256 301
257 301
258 301
259 301
255 302
256 302
257 302
258 302
259 302
255 303
256 303
257 303
258 303
259 303
255 304
256 304
257 304
258 304
259 304
255 305
256 305
257 305
258 305
259 305
255 306
256 306
257 306
258 306
259 306
255 307
256 307
257 307
258 307
259 307
255 308
256 308
257 308
258 308
259 308
255 309
256 309
257 309
258 309
259 309
255 310
256 310
257 310
258 310
259 310
255 311
256 311
257 311
258 311
259 311
255 312
256 312
257 312
258 312
259 312
255 313
256 313
257 313
258 313
259 313
255 314
256 314
257 314
258 314
259 314
255 315
256 315
257 315
258 315
259 315
255 316
256 316
257 316
258 316
259 316
255 317
256 317
257 317
258 317
259 317
255 318
256 318
257 318
258 318
259 318
255 319
256 319
257 319
258 319
259 319
255 320
256 320
257 320
258 320
259 320
255 321
256 321
257 321
258 321
259 321
255 322
256 322
257 322
258 322
259 322
255 323
256 323
257 323
258 323
259 323
255 324
256 324
257 324
258 324
259 324
255 325
256 325
257 325
258 325
259 325
255 326
256 326
257 326
258 326
259 326
255 327
256 327
257 327
258 327
259 327
255 328
256 328
257 328
258 328
259 328
255 329
256 329
257 329
258 329
259 329
255 330
256 330
257 330
258 330
259 330
255 331
256 331
257 331
258 331
259 331
255 332
256 332
257 332
258 332
259 332
255 333
256 333
257 333
258 333
259 333
255 334
256 334
257 334
258 334
259 334
255 335
256 335
257 335
258 335
259 335
255 336
256 336
257 336
258 336
259 336
255 337
256 337
257 337
258 337
259 337
255 338
256 338
257 338
258 338
259 338
255 339
256 339
257 339
258 339
259 339
255 340
256 340
257 340
258 340
259 340
255 341
256 341
257 341
258 341
259 341
255 342
256 342
257 342
258 342
259 342
255 343
256 343
257 343
258 343
259 343
255 344
256 344
257 344
258 344
259 344
255 345
256 345
257 345
258 345
259 345
255 346
256 346
257 346
258 346
259 346
255 347
256 347
257 347
258 347
259 347
255 348
256 348
257 348
258 348
259 348
255 349
256 349
257 349
258 349
259 349
255 350
256 350
257 350
258 350
259 350
255 351
256 351
257 351
258 351
259 351
255 352
256 352
257 352
258 352
259 352
255 353
256 353
257 353
258 353
259 353
255 354
256 354
257 354
258 354
259 354
255 355
256 355
257 355
258 355
259 355
255 356
256 356
257 356
258 356
259 356
255 357
256 357
257 357
258 357
259 357
255 358
256 358
257 358
258 358
259 358
255 359
256 359
257 359
258 359
259 359
255 360
256 360
257 360
258 360
259 360
255 361
256 361
257 361
258 361
259 361
255 362
256 362
257 362
258 362
259 362
255 363
256 363
257 363
258 363
259 363
255 364
256 364
257 364
258 364
259 364
255 365
256 365
257 365
258 365
259 365
255 366
256 366
257 366
258 366
259 366
255 367
256 367
257 367
258 367
259 367
255 368
256 368
257 368
258 368
259 368
255 369
256 369
257 369
258 369
259 369
255 370
256 370
257 370
258 370
259 370
255 371
256 371
257 371
258 371
259 371
255 372
256 372
257 372
258 372
259 372
255 373
256 373
257 373
258 373
259 373
255 374
256 374
257 374
258 374
259 374
255 375
256 375
257 375
258 375
259 375
255 376
256 376
257 376
258 376
259 376
255 377
256 377
257 377
258 377
259 377
255 378
256 378
257 378
258 378
259 378
255 379
256 379
257 379
258 379
259 379
255 380
256 380
257 380
258 380
259 380
255 381
256 381
257 381
258 381
259 381
255 382
256 382
257 382
258 382
259 382
255 383
256 383
257 383
258 383
259 383
255 384
256 384
257 384
258 384
259 384
255 385
256 385
257 385
258 385
259 385
255 386
256 386
257 386
258 386
259 386
255 387
256 387
257 387
258 387
259 387
255 388
256 388
257 388
258 388
259 388
255 389
256 389
257 389
258 389
259 389
255 390
256 390
257 390
258 390
259 390
255 391
256 391
257 391
258 391
259 391
255 392
256 392
257 392
258 392
259 392
255 393
256 393
257 393
258 393
259 393
255 394
256 394
257 394
258 394
259 394
255 395
256 395
257 395
258 395
259 395
255 396
256 396
257 396
258 396
259 396
255 397
256 397
257 397
258 397
259 397
255 398
256 398
257 398
258 398
259 398
255 399
256 399
257 399
258 399
259 399
255 400
256 400
257 400
258 400
259 400
255 401
256 401
257 401
258 401
259 401
255 402
256 402
257 402
258 402
259 402
255 403
256 403
257 403
258 403
259 403
255 404
256 404
257 404
258 404
259 404
255 405
256 405
257 405
258 405
259 405
255 406
256 406
257 406
258 406
259 406
255 407
256 407
257 407
258 407
259 407
255 408
256 408
257 408
258 408
259 408
255 409
256 409
257 409
258 409
259 409
255 410
256 410
257 410
258 410
259 410
255 411
256 411
257 411
258 411
259 411
255 412
256 412
257 412
258 412
259 412
255 413
256 413
257 413
258 413
259 413
255 414
256 414
257 414
258 414
259 414
255 415
256 415
257 415
258 415
259 415
255 416
256 416
257 416
258 416
259 416
255 417
256 417
257 417
258 417
259 417
255 418
256 418
257 418
258 418
259 418
255 419
256 419
257 419
258 419
259 419
255 420
256 420
257 420
258 420
259 420
255 421
256 421
257 421
258 421
259 421
255 422
256 422
257 422
258 422
259 422
255 423
256 423
257 423
258 423
259 423
255 424
256 424
257 424
258 424
259 424
255 425
256 425
257 425
258 425
259 425
255 426
256 426
257 426
258 426
259 426
255 427
256 427
257 427
258 427
259 427
255 428
256 428
257 428
258 428
259 428
255 429
256 429
257 429
258 429
259 429
255 430
256 430
257 430
258 430
259 430
255 431
256 431
257 431
258 431
259 431
255 432
256 432
257 432
258 432
259 432
255 433
256 433
257 433
258 433
259 433
255 434
256 434
257 434
258 434
259 434
255 435
256 435
257 435
258 435
259 435
255 436
256 436
257 436
258 436
259 436
255 437
256 437
257 437
258 437
259 437
255 438
256 438
257 438
258 438
259 438
255 439
256 439
257 439
258 439
259 439
255 440
256 440
257 440
258 440
259 440
255 441
256 441
257 441
258 441
259 441
255 442
256 442
257 442
258 442
259 442
255 443
256 443
257 443
258 443
259 443
255 444
256 444
257 444
258 444
259 444
255 445
256 445
257 445
258 445
259 445
255 446
256 446
257 446
258 446
259 446
255 447
256 447
257 447
258 447
259 447
255 448
256 448
257 448
258 448
259 448
255 449
256 449
257 449
258 449
259 449
255 450
256 450
257 450
258 450
259 450
255 451
256 451
257 451
258 451
259 451
255 452
256 452
257 452
258 452
259 452
255 453
256 453
257 453
258 453
259 453
255 454
256 454
257 454
258 454
259 454
255 455
256 455
257 455
258 455
259 455
255 456
256 456
257 456
258 456
259 456
255 457
256 457
257 457
258 457
259 457
255 458
256 458
257 458
258 458
259 458
255 459
256 459
257 459
258 459
259 459
255 460
256 460
257 460
258 460
259 460
255 461
256 461
257 461
258 461
259 461
255 462
256 462
257 462
258 462
259 462
255 463
256 463
257 463
258 463
259 463
255 464
256 464
257 464
258 464
259 464
255 465
256 465
257 465
258 465
259 465
255 466
256 466
257 466
258 466
259 466
255 467
256 467
257 467
258 467
259 467
255 468
256 468
257 468
258 468
259 468
255 469
256 469
257 469
258 469
259 469
255 470
256 470
257 470
258 470
259 470
255 471
256 471
257 471
258 471
259 471
255 472
256 472
257 472
258 472
259 472
255 473
256 473
257 473
258 473
259 473
255 474
256 474
257 474
258 474
259 474
255 475
256 475
257 475
258 475
259 475
255 476
256 476
257 476
258 476
259 476
255 477
256 477
257 477
258 477
259 477
255 478
256 478
257 478
258 478
259 478
255 479
256 479
257 479
258 479
259 479
255 480
256 480
257 480
258 480
259 480
255 481
256 481
257 481
258 481
259 481
255 482
256 482
257 482
258 482
259 482
255 483
256 483
257 483
258 483
259 483
255 484
256 484
257 484
258 484
259 484
255 485
256 485
257 485
258 485
259 485
255 486
256 486
257 486
258 486
259 486
255 487
256 487
257 487
258 487
259 487
255 488
256 488
257 488
258 488
259 488
255 489
256 489
257 489
258 489
259 489
255 490
256 490
257 490
258 490
259 490
255 491
256 491
257 491
258 491
259 491
255 492
256 492
257 492
258 492
259 492
255 493
256 493
257 493
258 493
259 493
255 494
256 494
257 494
258 494
259 494
255 495
256 495
257 495
258 495
259 495
255 496
256 496
257 496
258 496
259 496
255 497
256 497
257 497
258 497
259 497
255 498
256 498
257 498
258 498
259 498
255 499
256 499
257 499
258 499
259 499
255 500
256 500
257 500
258 500
259 500
255 501
256 501
257 501
258 501
259 501
255 502
256 502
257 502
258 502
259 502
255 503
256 503
257 503
258 503
259 503
255 504
256 504
257 504
258 504
259 504
255 505
256 505
257 505
258 505
259 505
255 506
256 506
257 506
258 506
259 506
255 507
256 507
257 507
258 507
259 507
255 508
256 508
257 508
258 508
259 508
255 509
256 509
257 509
258 509
259 509
255 510
256 510
257 510
258 510
259 510
255 511
256 511
257 511
258 511
259 511
255 512
256 512
257 512
258 512
259 512
